{"producer":{"name":"Blender","version":"3.3.1","exporter_version":"2.93.5","file":"warrior.babylon"},
"autoClear":true,"clearColor":[0.0509,0.0509,0.0509],"gravity":[0,-9.81,0],
"materials":[{"name":"Knight_MAT2","id":"Knight_MAT2","customType":"BABYLON.PBRMaterial","emissive":[0,0,0],"roughness":0.5528,"alpha":1,"transparencyMode":0,"alphaCutOff":0.4,"metallic":0.5, 
"albedoTexture":{"name":"Knight_diffuse.png","level":1,"hasAlpha":true,"coordinatesMode":0,"uOffset":0,"vOffset":0,"uScale":1,"vScale":1,"uAng":0,"vAng":0,"wAng":0,"wrapU":1,"wrapV":1,"coordinatesIndex":0},"useAlphaFromAlbedoTexture":true, 
"reflectivityTexture":{"name":"Knight_specular.png","level":1,"hasAlpha":true,"coordinatesMode":0,"uOffset":0,"vOffset":0,"uScale":1,"vScale":1,"uAng":0,"vAng":0,"wAng":0,"wrapU":1,"wrapV":1,"coordinatesIndex":0}, 
"bumpTexture":{"name":"Knight_normal.png","level":1,"hasAlpha":true,"coordinatesMode":0,"uOffset":0,"vOffset":0,"uScale":1,"vScale":1,"uAng":0,"vAng":0,"wAng":0,"wrapU":1,"wrapV":1,"coordinatesIndex":0}}],
"skeletons":[{"name":"Armature","id":0,"dimensionsAtRest":[220.0406,50.0311,217.1816],"bones":[
{"name":"mixamorig:Hips","index":0,"matrix":[0.0069,-0.0002,-0.0073,0,0.0012,0.0099,0.0008,0,-0.0072,0.0014,-0.0068,0,0.0172,1.0004,-0.01,1],"rest":[0.01,0,0,0,0,0.01,0,0,0,0,-0.01,0,0,1.1872,0.0183,1],"parentBoneIndex":-1,"length":11.5872
,"animation":
{"name":"anim","property":"_matrix","dataType":3,"framePerSecond":30,"loopBehavior":1,"keys":[
{"frame":1,"values":[0.0057,0.0004,-0.0082,0,0.0003,0.01,0.0006,0,-0.0082,0.0006,-0.0057,0,0.0765,1.0731,-0.0192,1]},
{"frame":2,"values":[0.006,0.0004,-0.008,0,0.0003,0.01,0.0008,0,-0.008,0.0007,-0.0059,0,0.0762,1.066,-0.0211,1]},
{"frame":3,"values":[0.0063,0.0005,-0.0078,0,0.0003,0.01,0.0009,0,-0.0078,0.0008,-0.0062,0,0.0759,1.0589,-0.023,1]},
{"frame":4,"values":[0.0065,0.0005,-0.0075,0,0.0003,0.0099,0.001,0,-0.0076,0.0009,-0.0065,0,0.0756,1.0518,-0.0249,1]},
{"frame":5,"values":[0.0064,0.0006,-0.0076,0,0.0005,0.0099,0.0012,0,-0.0076,0.0012,-0.0064,0,0.0662,1.0432,-0.0295,1]},
{"frame":6,"values":[0.0061,0.0006,-0.0079,0,0.0008,0.0099,0.0014,0,-0.0079,0.0015,-0.0059,0,0.0493,1.038,-0.0345,1]},
{"frame":7,"values":[0.0054,0.0005,-0.0084,0,0.0013,0.0098,0.0014,0,-0.0083,0.0018,-0.0053,0,0.0249,1.039,-0.0391,1]},
{"frame":8,"values":[0.0044,0.0003,-0.009,0,0.0017,0.0098,0.0011,0,-0.0088,0.002,-0.0043,0,-0.005,1.0454,-0.0415,1]},
{"frame":9,"values":[0.003,0,-0.0095,0,0.002,0.0098,0.0006,0,-0.0093,0.0021,-0.0029,0,-0.0373,1.0533,-0.0388,1]},
{"frame":10,"values":[0.0013,-0.0002,-0.0099,0,0.0023,0.0097,0.0001,0,-0.0096,0.0023,-0.0013,0,-0.0676,1.059,-0.0288,1]},
{"frame":11,"values":[-0.0002,-0.0004,-0.01,0,0.0024,0.0097,-0.0004,0,-0.0097,0.0025,0.0001,0,-0.0907,1.0615,-0.0117,1]},
{"frame":12,"values":[-0.0012,-0.0008,-0.0099,0,0.0025,0.0096,-0.0011,0,-0.0096,0.0026,0.0009,0,-0.1024,1.0625,0.0093,1]},
{"frame":13,"values":[-0.0012,-0.0011,-0.0099,0,0.0021,0.0097,-0.0014,0,-0.0097,0.0023,0.001,0,-0.1028,1.0636,0.0307,1]},
{"frame":14,"values":[-0.0012,-0.0015,-0.0098,0,0.0017,0.0097,-0.0017,0,-0.0098,0.0019,0.0009,0,-0.0959,1.064,0.0516,1]},
{"frame":15,"values":[-0.0011,-0.002,-0.0097,0,0.0013,0.0097,-0.0021,0,-0.0098,0.0015,0.0008,0,-0.0852,1.0639,0.0709,1]},
{"frame":16,"values":[-0.0009,-0.0024,-0.0097,0,0.0009,0.0096,-0.0025,0,-0.0099,0.0011,0.0006,0,-0.0721,1.0647,0.087,1]},
{"frame":17,"values":[-0.0006,-0.0028,-0.0096,0,0.0006,0.0096,-0.0028,0,-0.01,0.0007,0.0004,0,-0.0554,1.0671,0.0999,1]},
{"frame":18,"values":[-0.0002,-0.0031,-0.0095,0,0.0002,0.0095,-0.0031,0,-0.01,0.0003,0.0001,0,-0.0346,1.0699,0.1113,1]},
{"frame":19,"values":[0.0004,-0.0033,-0.0094,0,-0.0001,0.0094,-0.0033,0,-0.01,-0.0002,-0.0003,0,-0.0104,1.066,0.1201,1]},
{"frame":20,"values":[0.0009,-0.0035,-0.0093,0,-0.0004,0.0093,-0.0036,0,-0.01,-0.0007,-0.0007,0,0.0139,1.0621,0.1289,1]},
{"frame":21,"values":[0.0016,-0.0036,-0.0092,0,-0.0006,0.0093,-0.0037,0,-0.0099,-0.0012,-0.0012,0,0.0393,1.0479,0.1309,1]},
{"frame":22,"values":[0.0022,-0.0035,-0.0091,0,-0.0009,0.0092,-0.0038,0,-0.0097,-0.0016,-0.0017,0,0.0641,1.032,0.1298,1]},
{"frame":23,"values":[0.0029,-0.0034,-0.009,0,-0.0011,0.0092,-0.0038,0,-0.0095,-0.0021,-0.0023,0,0.0864,1.0178,0.1283,1]},
{"frame":24,"values":[0.0036,-0.003,-0.0088,0,-0.0014,0.0092,-0.0037,0,-0.0092,-0.0026,-0.0029,0,0.1036,1.0103,0.1275,1]},
{"frame":25,"values":[0.0042,-0.0026,-0.0087,0,-0.0017,0.0092,-0.0035,0,-0.0089,-0.003,-0.0035,0,0.1151,1.0111,0.1263,1]},
{"frame":26,"values":[0.0048,-0.002,-0.0085,0,-0.002,0.0092,-0.0033,0,-0.0085,-0.0033,-0.004,0,0.122,1.0165,0.1247,1]},
{"frame":27,"values":[0.0053,-0.0013,-0.0084,0,-0.0024,0.0093,-0.0029,0,-0.0081,-0.0036,-0.0046,0,0.126,1.0223,0.1231,1]},
{"frame":28,"values":[0.0054,-0.001,-0.0084,0,-0.0028,0.0091,-0.0029,0,-0.0079,-0.0039,-0.0046,0,0.1285,1.0279,0.1205,1]},
{"frame":29,"values":[0.0055,-0.0009,-0.0083,0,-0.0028,0.0092,-0.0028,0,-0.0079,-0.0039,-0.0048,0,0.1294,1.0329,0.1166,1]},
{"frame":30,"values":[0.0056,-0.0008,-0.0083,0,-0.0028,0.0092,-0.0027,0,-0.0078,-0.0038,-0.0049,0,0.1278,1.0355,0.1125,1]},
{"frame":31,"values":[0.0056,-0.0008,-0.0083,0,-0.0025,0.0093,-0.0026,0,-0.0079,-0.0035,-0.005,0,0.1234,1.0352,0.1085,1]},
{"frame":32,"values":[0.0055,-0.0009,-0.0083,0,-0.002,0.0095,-0.0024,0,-0.0081,-0.003,-0.0051,0,0.117,1.0334,0.1037,1]},
{"frame":33,"values":[0.0056,-0.001,-0.0083,0,-0.0016,0.0096,-0.0022,0,-0.0082,-0.0025,-0.0052,0,0.11,1.0325,0.0975,1]},
{"frame":34,"values":[0.0057,-0.0009,-0.0082,0,-0.0012,0.0097,-0.0019,0,-0.0081,-0.0021,-0.0054,0,0.1048,1.0374,0.0864,1]},
{"frame":35,"values":[0.0058,-0.0007,-0.0081,0,-0.001,0.0098,-0.0016,0,-0.0081,-0.0018,-0.0056,0,0.0996,1.0422,0.0753,1]},
{"frame":36,"values":[0.0059,-0.0004,-0.0081,0,-0.0009,0.0099,-0.0012,0,-0.008,-0.0015,-0.0058,0,0.0944,1.047,0.0642,1]},
{"frame":37,"values":[0.0059,-0.0001,-0.008,0,-0.0009,0.0099,-0.0008,0,-0.008,-0.0012,-0.0059,0,0.0892,1.0519,0.0531,1]},
{"frame":38,"values":[0.006,0.0001,-0.008,0,-0.0008,0.01,-0.0004,0,-0.008,-0.0009,-0.006,0,0.0892,1.0519,0.0531,1]},
{"frame":39,"values":[0.006,0.0003,-0.008,0,-0.0007,0.01,-0.0001,0,-0.008,-0.0006,-0.006,0,0.0892,1.0519,0.0531,1]},
{"frame":40,"values":[0.006,0.0005,-0.008,0,-0.0006,0.01,0.0002,0,-0.008,-0.0003,-0.0061,0,0.0892,1.0519,0.0531,1]},
{"frame":41,"values":[0.006,0.0006,-0.0079,0,-0.0004,0.01,0.0004,0,-0.008,-0.0001,-0.0061,0,0.0892,1.0519,0.0531,1]},
{"frame":42,"values":[0.006,0.0006,-0.0079,0,-0.0002,0.01,0.0006,0,-0.008,0.0002,-0.006,0,0.0892,1.0519,0.0531,1]},
{"frame":43,"values":[0.006,0.0005,-0.0079,0,0,0.01,0.0006,0,-0.008,0.0004,-0.006,0,0.0892,1.0519,0.0531,1]},
{"frame":44,"values":[0.006,0.0005,-0.008,0,0.0001,0.01,0.0007,0,-0.008,0.0005,-0.006,0,0.0892,1.0519,0.0531,1]},
{"frame":45,"values":[0.006,0.0004,-0.008,0,0.0002,0.01,0.0007,0,-0.008,0.0005,-0.006,0,0.0892,1.0519,0.0531,1]},
{"frame":46,"values":[0.006,0.0004,-0.008,0,0.0002,0.01,0.0007,0,-0.008,0.0006,-0.006,0,0.0892,1.0519,0.0531,1]},
{"frame":47,"values":[0.0059,0.0004,-0.008,0,0.0002,0.01,0.0007,0,-0.008,0.0006,-0.0059,0,0.0892,1.0519,0.0531,1]},
{"frame":48,"values":[0.0059,0.0004,-0.0081,0,0.0003,0.01,0.0007,0,-0.0081,0.0006,-0.0059,0,0.0892,1.0519,0.0531,1]},
{"frame":49,"values":[0.0059,0.0004,-0.0081,0,0.0003,0.01,0.0006,0,-0.0081,0.0006,-0.0059,0,0.0892,1.0519,0.0531,1]},
{"frame":50,"values":[0.0059,0.0003,-0.0081,0,0.0003,0.01,0.0006,0,-0.0081,0.0006,-0.0059,0,0.0892,1.0519,0.0531,1]},
{"frame":51,"values":[0.0059,0.0003,-0.0081,0,0.0003,0.01,0.0006,0,-0.0081,0.0006,-0.0058,0,0.0892,1.0519,0.0531,1]},
{"frame":52,"values":[0.0058,0.0003,-0.0081,0,0.0003,0.01,0.0006,0,-0.0081,0.0006,-0.0058,0,0.0892,1.0519,0.0531,1]},
{"frame":54,"values":[0.0058,0.0004,-0.0081,0,0.0003,0.01,0.0006,0,-0.0081,0.0006,-0.0058,0,0.0892,1.0519,0.0531,1]},
{"frame":55,"values":[0.0058,0.0004,-0.0081,0,0.0003,0.01,0.0006,0,-0.0082,0.0006,-0.0058,0,0.0892,1.0519,0.0531,1]},
{"frame":56,"values":[0.0058,0.0004,-0.0082,0,0.0003,0.01,0.0006,0,-0.0082,0.0006,-0.0058,0,0.0892,1.0519,0.0531,1]},
{"frame":71,"values":[0.0067,-0.0019,-0.0072,0,0.0046,0.0087,0.002,0,-0.0059,0.0046,-0.0067,0,0.0234,0.8889,0.0385,1]},
{"frame":72,"values":[0.0066,-0.0018,-0.0073,0,0.0045,0.0087,0.0019,0,-0.006,0.0046,-0.0065,0,0.0326,0.8894,0.0389,1]},
{"frame":73,"values":[0.0067,-0.002,-0.0072,0,0.0044,0.0088,0.0016,0,-0.006,0.0042,-0.0068,0,0.0644,0.9237,0.0566,1]},
{"frame":74,"values":[0.007,-0.0022,-0.0068,0,0.004,0.0091,0.0013,0,-0.0059,0.0037,-0.0072,0,0.1054,0.9695,0.084,1]},
{"frame":75,"values":[0.0073,-0.0023,-0.0065,0,0.0037,0.0092,0.0009,0,-0.0057,0.0031,-0.0076,0,0.1475,1.0084,0.1202,1]},
{"frame":76,"values":[0.0076,-0.0022,-0.0061,0,0.0032,0.0094,0.0007,0,-0.0056,0.0025,-0.0079,0,0.1874,1.0366,0.1567,1]},
{"frame":77,"values":[0.0079,-0.002,-0.0058,0,0.0029,0.0096,0.0006,0,-0.0054,0.0021,-0.0082,0,0.2257,1.0412,0.1945,1]},
{"frame":78,"values":[0.0083,-0.002,-0.0052,0,0.0027,0.0096,0.0006,0,-0.0049,0.0019,-0.0085,0,0.264,1.0458,0.2324,1]},
{"frame":79,"values":[0.0087,-0.002,-0.0044,0,0.0024,0.0097,0.0003,0,-0.0042,0.0014,-0.009,0,0.3021,1.0337,0.2738,1]},
{"frame":80,"values":[0.0092,-0.0019,-0.0033,0,0.0021,0.0098,0.0001,0,-0.0033,0.0008,-0.0094,0,0.3383,1.0108,0.3168,1]},
{"frame":81,"values":[0.0097,-0.0013,-0.0022,0,0.0013,0.0099,-0.0003,0,-0.0022,0,-0.0098,0,0.3813,0.9974,0.3548,1]},
{"frame":82,"values":[0.0099,-0.0005,-0.0012,0,0.0004,0.01,-0.0004,0,-0.0012,-0.0003,-0.0099,0,0.4326,1.0056,0.3841,1]},
{"frame":83,"values":[0.01,0.0003,-0.0004,0,-0.0003,0.01,-0.0007,0,-0.0004,-0.0007,-0.01,0,0.4916,1.0365,0.4054,1]},
{"frame":84,"values":[0.01,0.0009,0,0,-0.0009,0.0099,-0.001,0,0.0001,-0.001,-0.0099,0,0.5687,1.0894,0.4219,1]},
{"frame":85,"values":[0.0099,0.0013,0.0001,0,-0.0012,0.0098,-0.0014,0,0.0003,-0.0014,-0.0099,0,0.6492,1.1404,0.436,1]},
{"frame":86,"values":[0.0099,0.0014,0,0,-0.0013,0.0097,-0.0018,0,0.0003,-0.0018,-0.0098,0,0.7267,1.1797,0.4515,1]},
{"frame":87,"values":[0.0099,0.0013,0.0001,0,-0.0013,0.0097,-0.0021,0,0.0003,-0.002,-0.0098,0,0.8035,1.2144,0.4681,1]},
{"frame":88,"values":[0.0099,0.0013,0.0006,0,-0.0011,0.0097,-0.0021,0,0.0008,-0.002,-0.0098,0,0.8755,1.237,0.4814,1]},
{"frame":89,"values":[0.0098,0.0014,0.0014,0,-0.0011,0.0098,-0.0019,0,0.0016,-0.0017,-0.0097,0,0.9409,1.243,0.4914,1]},
{"frame":90,"values":[0.0096,0.0016,0.0023,0,-0.0011,0.0097,-0.002,0,0.0025,-0.0016,-0.0095,0,1.0043,1.232,0.501,1]},
{"frame":91,"values":[0.0092,0.0019,0.0034,0,-0.0012,0.0097,-0.0022,0,0.0037,-0.0016,-0.0092,0,1.0665,1.2099,0.5045,1]},
{"frame":92,"values":[0.0086,0.0024,0.0046,0,-0.0014,0.0096,-0.0024,0,0.005,-0.0014,-0.0085,0,1.133,1.1778,0.5059,1]},
{"frame":93,"values":[0.008,0.0028,0.0053,0,-0.0015,0.0095,-0.0028,0,0.0058,-0.0015,-0.008,0,1.2057,1.1271,0.5138,1]},
{"frame":94,"values":[0.0077,0.003,0.0056,0,-0.0015,0.0094,-0.003,0,0.0062,-0.0015,-0.0077,0,1.2847,1.0726,0.522,1]},
{"frame":95,"values":[0.0075,0.003,0.0059,0,-0.0016,0.0094,-0.0029,0,0.0065,-0.0012,-0.0075,0,1.3666,1.0295,0.5217,1]},
{"frame":96,"values":[0.0069,0.0032,0.0065,0,-0.0017,0.0094,-0.0029,0,0.007,-0.0009,-0.007,0,1.4484,1.0033,0.5092,1]},
{"frame":97,"values":[0.0061,0.0037,0.0071,0,-0.0019,0.0093,-0.0031,0,0.0077,-0.0005,-0.0063,0,1.5254,0.985,0.4892,1]},
{"frame":98,"values":[0.0055,0.0038,0.0075,0,-0.0021,0.0093,-0.0031,0,0.0081,-0.0001,-0.0059,0,1.6005,0.9696,0.4621,1]},
{"frame":99,"values":[0.0054,0.0035,0.0076,0,-0.0021,0.0094,-0.0028,0,0.0081,0.0001,-0.0058,0,1.6701,0.984,0.4204,1]},
{"frame":100,"values":[0.0051,0.0031,0.008,0,-0.002,0.0095,-0.0025,0,0.0084,0.0003,-0.0055,0,1.728,1.0152,0.3642,1]},
{"frame":101,"values":[0.0043,0.0025,0.0087,0,-0.0017,0.0097,-0.002,0,0.0089,0.0007,-0.0046,0,1.7788,1.0563,0.2993,1]},
{"frame":102,"values":[0.0031,0.0019,0.0093,0,-0.0014,0.0098,-0.0015,0,0.0094,0.0008,-0.0033,0,1.8243,1.1005,0.229,1]},
{"frame":103,"values":[0.002,0.0011,0.0097,0,-0.001,0.0099,-0.0009,0,0.0097,0.0008,-0.0021,0,1.8673,1.1373,0.1632,1]},
{"frame":104,"values":[0.0011,0.0004,0.0099,0,-0.0008,0.01,-0.0003,0,0.0099,0.0007,-0.0011,0,1.9093,1.1598,0.1033,1]},
{"frame":105,"values":[0.0003,-0.0003,0.01,0,-0.0007,0.01,0.0003,0,0.01,0.0007,-0.0002,0,1.954,1.1626,0.0458,1]},
{"frame":106,"values":[-0.0005,-0.0008,0.01,0,-0.0009,0.0099,0.0007,0,0.0099,0.0009,0.0006,0,2.0006,1.151,-0.0092,1]},
{"frame":107,"values":[-0.0012,-0.0012,0.0099,0,-0.0011,0.0099,0.0011,0,0.0099,0.001,0.0013,0,2.0491,1.127,-0.0646,1]},
{"frame":108,"values":[-0.0018,-0.0017,0.0097,0,-0.0012,0.0098,0.0015,0,0.0098,0.0009,0.002,0,2.1002,1.0876,-0.1212,1]},
{"frame":109,"values":[-0.0025,-0.002,0.0095,0,-0.0013,0.0098,0.0017,0,0.0096,0.0008,0.0027,0,2.151,1.0441,-0.1757,1]},
{"frame":110,"values":[-0.0031,-0.0024,0.0092,0,-0.0014,0.0097,0.0021,0,0.0094,0.0007,0.0033,0,2.1955,1.0027,-0.2305,1]},
{"frame":111,"values":[-0.0031,-0.0024,0.0092,0,-0.0015,0.0097,0.002,0,0.0094,0.0008,0.0034,0,2.2222,0.979,-0.2786,1]},
{"frame":112,"values":[-0.002,-0.002,0.0096,0,-0.0016,0.0097,0.0017,0,0.0097,0.0012,0.0023,0,2.2377,0.9787,-0.2971,1]},
{"frame":113,"values":[-0.0003,-0.0015,0.0099,0,-0.0015,0.0098,0.0014,0,0.0099,0.0015,0.0005,0,2.2441,1.0132,-0.2853,1]},
{"frame":114,"values":[0.0019,-0.0008,0.0098,0,-0.0014,0.0098,0.0011,0,0.0097,0.0015,-0.0017,0,2.2461,1.0707,-0.2597,1]},
{"frame":115,"values":[0.004,-0.0006,0.0091,0,-0.0008,0.0099,0.001,0,0.0091,0.0012,-0.0039,0,2.2459,1.1278,-0.2357,1]},
{"frame":116,"values":[0.0057,-0.0006,0.0082,0,-0.0003,0.01,0.0009,0,0.0082,0.0007,-0.0056,0,2.2495,1.1709,-0.2143,1]},
{"frame":117,"values":[0.0069,-0.0005,0.0072,0,0,0.01,0.0007,0,0.0072,0.0005,-0.0069,0,2.2571,1.2006,-0.1944,1]},
{"frame":118,"values":[0.0079,-0.0005,0.0062,0,0.0001,0.01,0.0007,0,0.0062,0.0005,-0.0078,0,2.2744,1.2018,-0.174,1]},
{"frame":119,"values":[0.0086,-0.0004,0.0051,0,0.0001,0.01,0.0008,0,0.0051,0.0006,-0.0086,0,2.2917,1.203,-0.1537,1]},
{"frame":120,"values":[0.0092,-0.0004,0.004,0,0.0002,0.01,0.0006,0,0.004,0.0005,-0.0091,0,2.309,1.2041,-0.1333,1]},
{"frame":121,"values":[0.0096,-0.0003,0.0028,0,0.0003,0.01,0.0003,0,0.0029,0.0002,-0.0096,0,2.3327,1.1783,-0.1201,1]},
{"frame":122,"values":[0.0098,-0.0003,0.0017,0,0.0003,0.01,0,0,0.0017,0,-0.0099,0,2.3562,1.1413,-0.107,1]},
{"frame":123,"values":[0.0099,-0.0004,0.0011,0,0.0004,0.01,0.0001,0,0.0011,0,-0.0099,0,2.3675,1.1042,-0.0947,1]},
{"frame":124,"values":[0.0099,-0.0004,0.001,0,0.0004,0.01,-0.0001,0,0.0009,-0.0001,-0.01,0,2.3632,1.0844,-0.0781,1]},
{"frame":125,"values":[0.01,-0.0004,0.0008,0,0.0004,0.01,-0.0004,0,0.0008,-0.0004,-0.01,0,2.3441,1.0859,-0.0599,1]},
{"frame":126,"values":[0.01,-0.0004,0.0008,0,0.0005,0.01,-0.0008,0,0.0007,-0.0008,-0.0099,0,2.3112,1.1013,-0.0404,1]},
{"frame":127,"values":[0.0099,-0.0004,0.0009,0,0.0005,0.0099,-0.0013,0,0.0009,-0.0014,-0.0099,0,2.2703,1.1182,-0.0232,1]},
{"frame":128,"values":[0.0099,-0.0002,0.001,0,0.0004,0.0098,-0.0019,0,0.001,-0.0019,-0.0098,0,2.2276,1.1302,-0.0045,1]},
{"frame":129,"values":[0.0099,-0.0001,0.001,0,0.0004,0.0097,-0.0023,0,0.001,-0.0023,-0.0097,0,2.1907,1.1267,0.0154,1]},
{"frame":130,"values":[0.01,-0.0002,0.001,0,0.0004,0.0097,-0.0025,0,0.0009,-0.0026,-0.0096,0,2.1537,1.1233,0.0353,1]},
{"frame":131,"values":[0.01,-0.0002,0.0008,0,0.0004,0.0096,-0.0028,0,0.0007,-0.0028,-0.0096,0,2.1215,1.1047,0.0571,1]},
{"frame":132,"values":[0.01,-0.0001,0.0005,0,0.0002,0.0096,-0.0029,0,0.0004,-0.003,-0.0095,0,2.0892,1.0861,0.0788,1]},
{"frame":133,"values":[0.01,0.0001,0.0002,0,0,0.0095,-0.003,0,0.0002,-0.003,-0.0095,0,2.0654,1.0452,0.0993,1]},
{"frame":134,"values":[0.01,0.0004,-0.0001,0,-0.0004,0.0095,-0.003,0,0,-0.0031,-0.0095,0,2.0417,1.0044,0.1197,1]},
{"frame":135,"values":[0.01,0.0006,-0.0004,0,-0.0007,0.0096,-0.0028,0,-0.0002,-0.0029,-0.0096,0,2.0179,0.9636,0.1401,1]},
{"frame":136,"values":[0.0099,0.0006,-0.0008,0,-0.0008,0.0096,-0.0025,0,-0.0006,-0.0026,-0.0096,0,1.9942,0.9228,0.1605,1]},
{"frame":137,"values":[0.0098,0.0005,-0.0016,0,-0.0009,0.0097,-0.0024,0,-0.0015,-0.0025,-0.0096,0,2.0227,0.9035,0.1559,1]},
{"frame":138,"values":[0.0096,0.0006,-0.0029,0,-0.0014,0.0096,-0.0026,0,-0.0026,-0.0029,-0.0092,0,2.0782,0.9092,0.1358,1]},
{"frame":139,"values":[0.0089,0.0005,-0.0046,0,-0.0022,0.0092,-0.0032,0,-0.0041,-0.0038,-0.0083,0,2.152,0.9417,0.0821,1]},
{"frame":140,"values":[0.0075,0,-0.0066,0,-0.0034,0.0086,-0.0038,0,-0.0057,-0.0051,-0.0065,0,2.2257,0.9741,0.0284,1]},
{"frame":141,"values":[0.0056,-0.0006,-0.0082,0,-0.0048,0.0078,-0.0039,0,-0.0067,-0.0062,-0.0041,0,2.2995,1.0066,-0.0253,1]},
{"frame":142,"values":[0.0036,-0.0013,-0.0092,0,-0.0061,0.0072,-0.0034,0,-0.0071,-0.0069,-0.0018,0,2.3487,1.0238,-0.0939,1]},
{"frame":143,"values":[0.0017,-0.0018,-0.0097,0,-0.0071,0.0066,-0.0024,0,-0.0068,-0.0073,0.0002,0,2.3778,1.0289,-0.1642,1]},
{"frame":144,"values":[-0.0003,-0.0023,-0.0097,0,-0.008,0.0058,-0.0012,0,-0.006,-0.0078,0.002,0,2.3826,1.0262,-0.2263,1]},
{"frame":145,"values":[-0.0019,-0.003,-0.0094,0,-0.0087,0.0049,0.0002,0,-0.0045,-0.0082,0.0035,0,2.3725,1.0202,-0.2791,1]},
{"frame":146,"values":[-0.0033,-0.0036,-0.0087,0,-0.009,0.0041,0.0017,0,-0.003,-0.0084,0.0046,0,2.3524,1.004,-0.3168,1]},
{"frame":147,"values":[-0.0041,-0.0044,-0.008,0,-0.009,0.0033,0.0029,0,-0.0013,-0.0084,0.0053,0,2.3255,0.9849,-0.3403,1]},
{"frame":148,"values":[-0.0045,-0.005,-0.0074,0,-0.0089,0.0025,0.0037,0,0,-0.0083,0.0056,0,2.2901,0.9624,-0.3454,1]},
{"frame":149,"values":[-0.0047,-0.0052,-0.0072,0,-0.0088,0.0018,0.0044,0,0.001,-0.0084,0.0054,0,2.2522,0.9449,-0.3377,1]},
{"frame":150,"values":[-0.0048,-0.005,-0.0072,0,-0.0085,0.0008,0.0051,0,0.002,-0.0086,0.0047,0,2.2147,0.9398,-0.3241,1]},
{"frame":151,"values":[-0.0052,-0.0047,-0.0071,0,-0.0079,-0.0004,0.0061,0,0.0031,-0.0088,0.0036,0,2.183,0.9486,-0.3153,1]},
{"frame":152,"values":[-0.0057,-0.0046,-0.0068,0,-0.0069,-0.0018,0.007,0,0.0045,-0.0087,0.0021,0,2.1468,0.9742,-0.3142,1]},
{"frame":153,"values":[-0.0063,-0.0046,-0.0062,0,-0.0055,-0.003,0.0078,0,0.0055,-0.0084,0.0006,0,2.0974,1.0057,-0.3106,1]},
{"frame":154,"values":[-0.0069,-0.0046,-0.0056,0,-0.004,-0.004,0.0082,0,0.006,-0.008,-0.0009,0,2.0499,1.0321,-0.3056,1]},
{"frame":155,"values":[-0.0076,-0.0043,-0.0049,0,-0.0026,-0.0049,0.0083,0,0.006,-0.0076,-0.0026,0,2.0057,1.0592,-0.2922,1]},
{"frame":156,"values":[-0.0082,-0.0039,-0.0041,0,-0.0013,-0.0058,0.008,0,0.0055,-0.0071,-0.0043,0,1.9677,1.0853,-0.2683,1]},
{"frame":157,"values":[-0.0089,-0.0035,-0.0031,0,-0.0001,-0.0065,0.0076,0,0.0046,-0.0067,-0.0058,0,1.9445,1.1009,-0.248,1]},
{"frame":158,"values":[-0.0094,-0.0029,-0.0018,0,0.0008,-0.0072,0.0069,0,0.0033,-0.0063,-0.007,0,1.9332,1.1082,-0.2365,1]},
{"frame":159,"values":[-0.0098,-0.0022,-0.0003,0,0.0015,-0.0078,0.0061,0,0.0016,-0.0059,-0.0079,0,1.9267,1.1133,-0.2358,1]},
{"frame":160,"values":[-0.0098,-0.0015,0.0014,0,0.002,-0.0082,0.0054,0,-0.0003,-0.0056,-0.0083,0,1.9223,1.116,-0.2443,1]},
{"frame":161,"values":[-0.0095,-0.001,0.003,0,0.0024,-0.0085,0.0047,0,-0.0021,-0.0052,-0.0083,0,1.9177,1.1149,-0.2589,1]},
{"frame":162,"values":[-0.0088,-0.0006,0.0047,0,0.0027,-0.0087,0.0041,0,-0.0039,-0.0049,-0.0078,0,1.9068,1.1116,-0.2745,1]},
{"frame":163,"values":[-0.0078,-0.0002,0.0062,0,0.0029,-0.0089,0.0034,0,-0.0055,-0.0045,-0.0071,0,1.8959,1.1084,-0.29,1]},
{"frame":164,"values":[-0.0066,0.0001,0.0076,0,0.003,-0.0092,0.0027,0,-0.0069,-0.004,-0.006,0,1.8801,1.1137,-0.3041,1]},
{"frame":165,"values":[-0.005,0.0003,0.0087,0,0.0029,-0.0093,0.002,0,-0.0082,-0.0036,-0.0046,0,1.8642,1.1189,-0.3182,1]},
{"frame":166,"values":[-0.0031,0.0005,0.0095,0,0.0029,-0.0095,0.0014,0,-0.009,-0.0032,-0.0028,0,1.8515,1.1337,-0.334,1]},
{"frame":167,"values":[-0.001,0.0006,0.0099,0,0.0028,-0.0096,0.0009,0,-0.0095,-0.0029,-0.0007,0,1.8401,1.1591,-0.3525,1]},
{"frame":168,"values":[0.0015,0.0008,0.0099,0,0.0027,-0.0096,0.0003,0,-0.0095,-0.0026,0.0017,0,1.8299,1.1905,-0.3747,1]},
{"frame":169,"values":[0.0043,0.0007,0.009,0,0.0025,-0.0097,-0.0004,0,-0.0087,-0.0024,0.0043,0,1.8126,1.2292,-0.3979,1]},
{"frame":170,"values":[0.007,0.0008,0.0071,0,0.0021,-0.0097,-0.001,0,-0.0069,-0.0022,0.0069,0,1.7898,1.2738,-0.4163,1]},
{"frame":171,"values":[0.0091,0.0007,0.0042,0,0.0015,-0.0098,-0.0015,0,-0.004,-0.002,0.009,0,1.7694,1.3124,-0.4276,1]},
{"frame":172,"values":[0.01,0.0005,0.0006,0,0.0006,-0.0098,-0.0019,0,-0.0005,-0.0019,0.0098,0,1.7497,1.3424,-0.4302,1]},
{"frame":173,"values":[0.0094,0.0003,-0.0034,0,-0.0003,-0.0098,-0.0018,0,0.0034,-0.0018,0.0092,0,1.7298,1.36,-0.4221,1]},
{"frame":174,"values":[0.007,0.0003,-0.0072,0,-0.001,-0.0098,-0.0015,0,0.0071,-0.0017,0.0068,0,1.7261,1.3594,-0.3982,1]},
{"frame":175,"values":[0.003,0.0005,-0.0095,0,-0.0014,-0.0099,-0.0009,0,0.0094,-0.0017,0.0029,0,1.7333,1.3497,-0.37,1]},
{"frame":176,"values":[-0.0014,0.0005,-0.0099,0,-0.0016,-0.0099,-0.0003,0,0.0098,-0.0015,-0.0014,0,1.7439,1.3411,-0.3468,1]},
{"frame":191,"values":[0.0069,-0.0001,-0.0072,0,0.0012,0.0099,0.001,0,-0.0071,0.0016,-0.0068,0,0.0157,0.9913,-0.0075,1]},
{"frame":192,"values":[0.0069,-0.0001,-0.0072,0,0.0012,0.0099,0.001,0,-0.0071,0.0016,-0.0069,0,0.0121,0.9958,-0.0025,1]},
{"frame":193,"values":[0.007,-0.0001,-0.0072,0,0.0012,0.0099,0.001,0,-0.0071,0.0015,-0.0069,0,0.0086,1.0003,0.0025,1]},
{"frame":194,"values":[0.007,-0.0001,-0.0071,0,0.0012,0.0099,0.001,0,-0.007,0.0015,-0.0069,0,0.005,1.0047,0.0075,1]},
{"frame":195,"values":[0.007,-0.0001,-0.0071,0,0.0012,0.0099,0.001,0,-0.007,0.0015,-0.007,0,0.0015,1.0092,0.0125,1]},
{"frame":196,"values":[0.0071,-0.0002,-0.0071,0,0.0012,0.0099,0.0009,0,-0.007,0.0015,-0.007,0,-0.0035,1.0173,0.0208,1]},
{"frame":197,"values":[0.0071,-0.0002,-0.007,0,0.0012,0.0099,0.0008,0,-0.007,0.0014,-0.007,0,-0.0084,1.0221,0.0303,1]},
{"frame":198,"values":[0.0071,-0.0003,-0.007,0,0.0012,0.0099,0.0008,0,-0.0069,0.0014,-0.0071,0,-0.0133,1.027,0.0398,1]},
{"frame":199,"values":[0.0071,-0.0003,-0.007,0,0.0012,0.0099,0.0008,0,-0.0069,0.0014,-0.0071,0,-0.0173,1.0261,0.0493,1]},
{"frame":200,"values":[0.0072,-0.0004,-0.007,0,0.0013,0.0099,0.0008,0,-0.0069,0.0014,-0.0071,0,-0.0213,1.0252,0.0589,1]},
{"frame":201,"values":[0.0072,-0.0004,-0.007,0,0.0013,0.0099,0.0008,0,-0.0069,0.0015,-0.0071,0,-0.0242,1.0211,0.0644,1]},
{"frame":202,"values":[0.0072,-0.0004,-0.007,0,0.0013,0.0099,0.0009,0,-0.0068,0.0016,-0.0071,0,-0.027,1.017,0.0698,1]},
{"frame":203,"values":[0.0072,-0.0004,-0.007,0,0.0014,0.0099,0.0009,0,-0.0068,0.0016,-0.0071,0,-0.0298,1.0129,0.0753,1]},
{"frame":204,"values":[0.0072,-0.0004,-0.0069,0,0.0014,0.0098,0.001,0,-0.0068,0.0017,-0.0072,0,-0.0315,1.0131,0.0732,1]},
{"frame":205,"values":[0.0073,-0.0004,-0.0068,0,0.0015,0.0098,0.001,0,-0.0067,0.0018,-0.0072,0,-0.0332,1.0134,0.0712,1]},
{"frame":206,"values":[0.0073,-0.0004,-0.0068,0,0.0015,0.0098,0.0011,0,-0.0066,0.0018,-0.0073,0,-0.0349,1.0136,0.0691,1]},
{"frame":207,"values":[0.0074,-0.0004,-0.0067,0,0.0015,0.0098,0.0011,0,-0.0066,0.0018,-0.0073,0,-0.0354,1.0159,0.0632,1]},
{"frame":208,"values":[0.0074,-0.0003,-0.0067,0,0.0015,0.0098,0.0011,0,-0.0066,0.0018,-0.0073,0,-0.0355,1.0179,0.0569,1]},
{"frame":209,"values":[0.0074,-0.0003,-0.0068,0,0.0014,0.0098,0.0011,0,-0.0066,0.0018,-0.0073,0,-0.0354,1.0201,0.0505,1]},
{"frame":210,"values":[0.0073,-0.0003,-0.0068,0,0.0014,0.0098,0.0011,0,-0.0067,0.0017,-0.0073,0,-0.0348,1.0228,0.0441,1]},
{"frame":211,"values":[0.0073,-0.0003,-0.0068,0,0.0013,0.0099,0.0011,0,-0.0067,0.0017,-0.0072,0,-0.0342,1.0255,0.0378,1]},
{"frame":212,"values":[0.0073,-0.0002,-0.0069,0,0.0013,0.0099,0.001,0,-0.0067,0.0016,-0.0072,0,-0.0336,1.0282,0.0317,1]},
{"frame":213,"values":[0.0073,-0.0002,-0.0069,0,0.0012,0.0099,0.001,0,-0.0068,0.0015,-0.0072,0,-0.0327,1.0302,0.0265,1]},
{"frame":214,"values":[0.0072,-0.0002,-0.0069,0,0.0011,0.0099,0.001,0,-0.0068,0.0015,-0.0072,0,-0.0315,1.0316,0.0221,1]},
{"frame":215,"values":[0.0072,-0.0001,-0.0069,0,0.0011,0.0099,0.0009,0,-0.0068,0.0014,-0.0072,0,-0.0301,1.0323,0.0187,1]},
{"frame":216,"values":[0.0073,-0.0001,-0.0069,0,0.0011,0.0099,0.001,0,-0.0068,0.0014,-0.0072,0,-0.0287,1.0325,0.0162,1]},
{"frame":217,"values":[0.0073,-0.0001,-0.0068,0,0.0011,0.0099,0.001,0,-0.0067,0.0014,-0.0072,0,-0.0274,1.0319,0.0146,1]},
{"frame":218,"values":[0.0074,-0.0002,-0.0068,0,0.0011,0.0099,0.0009,0,-0.0067,0.0014,-0.0073,0,-0.0265,1.0309,0.0138,1]},
{"frame":219,"values":[0.0074,-0.0002,-0.0067,0,0.0011,0.0099,0.0009,0,-0.0066,0.0014,-0.0074,0,-0.0259,1.0296,0.0136,1]},
{"frame":220,"values":[0.0075,-0.0003,-0.0066,0,0.0011,0.0099,0.0009,0,-0.0065,0.0014,-0.0074,0,-0.0254,1.0286,0.014,1]},
{"frame":221,"values":[0.0075,-0.0003,-0.0066,0,0.0012,0.0099,0.0008,0,-0.0065,0.0014,-0.0075,0,-0.0248,1.0278,0.0144,1]},
{"frame":222,"values":[0.0075,-0.0004,-0.0065,0,0.0012,0.0099,0.0008,0,-0.0065,0.0013,-0.0075,0,-0.024,1.0274,0.0147,1]},
{"frame":223,"values":[0.0076,-0.0004,-0.0065,0,0.0011,0.0099,0.0007,0,-0.0064,0.0013,-0.0076,0,-0.0232,1.0272,0.0147,1]},
{"frame":224,"values":[0.0076,-0.0004,-0.0065,0,0.0011,0.0099,0.0007,0,-0.0064,0.0013,-0.0076,0,-0.0225,1.0271,0.0147,1]},
{"frame":225,"values":[0.0076,-0.0005,-0.0064,0,0.0011,0.0099,0.0006,0,-0.0064,0.0012,-0.0076,0,-0.0221,1.0274,0.0136,1]},
{"frame":226,"values":[0.0077,-0.0005,-0.0064,0,0.0011,0.0099,0.0005,0,-0.0063,0.0011,-0.0077,0,-0.0218,1.0277,0.0126,1]},
{"frame":227,"values":[0.0077,-0.0005,-0.0064,0,0.0011,0.0099,0.0005,0,-0.0063,0.0011,-0.0077,0,-0.0216,1.0282,0.011,1]},
{"frame":228,"values":[0.0077,-0.0006,-0.0064,0,0.0011,0.0099,0.0005,0,-0.0063,0.0011,-0.0077,0,-0.0215,1.0287,0.0094,1]},
{"frame":229,"values":[0.0076,-0.0006,-0.0064,0,0.0011,0.0099,0.0005,0,-0.0064,0.0011,-0.0077,0,-0.0213,1.0288,0.008,1]},
{"frame":230,"values":[0.0076,-0.0006,-0.0065,0,0.0011,0.0099,0.0004,0,-0.0064,0.001,-0.0076,0,-0.0214,1.0286,0.0071,1]},
{"frame":231,"values":[0.0076,-0.0006,-0.0065,0,0.0011,0.0099,0.0004,0,-0.0064,0.001,-0.0076,0,-0.0216,1.0284,0.0062,1]},
{"frame":232,"values":[0.0076,-0.0006,-0.0065,0,0.0011,0.0099,0.0004,0,-0.0064,0.001,-0.0076,0,-0.0225,1.0282,0.0054,1]},
{"frame":233,"values":[0.0076,-0.0006,-0.0065,0,0.0011,0.0099,0.0004,0,-0.0065,0.001,-0.0076,0,-0.0237,1.0282,0.0045,1]},
{"frame":234,"values":[0.0075,-0.0006,-0.0066,0,0.0012,0.0099,0.0004,0,-0.0065,0.001,-0.0075,0,-0.025,1.0281,0.0036,1]},
{"frame":235,"values":[0.0075,-0.0006,-0.0066,0,0.0012,0.0099,0.0004,0,-0.0065,0.001,-0.0075,0,-0.0263,1.0279,0.0029,1]},
{"frame":236,"values":[0.0075,-0.0007,-0.0066,0,0.0012,0.0099,0.0004,0,-0.0065,0.001,-0.0075,0,-0.0276,1.0276,0.0023,1]},
{"frame":237,"values":[0.0075,-0.0007,-0.0066,0,0.0012,0.0099,0.0004,0,-0.0065,0.0011,-0.0075,0,-0.0291,1.0275,0.0016,1]},
{"frame":238,"values":[0.0075,-0.0007,-0.0066,0,0.0012,0.0099,0.0004,0,-0.0065,0.0011,-0.0075,0,-0.0305,1.0274,0.0008,1]},
{"frame":239,"values":[0.0075,-0.0006,-0.0066,0,0.0012,0.0099,0.0004,0,-0.0065,0.0011,-0.0075,0,-0.0318,1.0272,0.0001,1]},
{"frame":240,"values":[0.0075,-0.0006,-0.0066,0,0.0012,0.0099,0.0005,0,-0.0065,0.0011,-0.0075,0,-0.0331,1.0269,-0.0006,1]},
{"frame":241,"values":[0.0074,-0.0006,-0.0067,0,0.0012,0.0099,0.0005,0,-0.0066,0.0012,-0.0074,0,-0.0343,1.0267,-0.0013,1]},
{"frame":242,"values":[0.0074,-0.0006,-0.0067,0,0.0012,0.0099,0.0005,0,-0.0066,0.0012,-0.0074,0,-0.0356,1.0264,-0.0019,1]},
{"frame":243,"values":[0.0074,-0.0005,-0.0067,0,0.0012,0.0099,0.0006,0,-0.0066,0.0013,-0.0074,0,-0.0368,1.0258,-0.0024,1]},
{"frame":244,"values":[0.0074,-0.0005,-0.0067,0,0.0012,0.0099,0.0007,0,-0.0066,0.0013,-0.0074,0,-0.0379,1.0252,-0.0026,1]},
{"frame":245,"values":[0.0074,-0.0004,-0.0068,0,0.0012,0.0099,0.0007,0,-0.0067,0.0014,-0.0073,0,-0.0389,1.0247,-0.0027,1]},
{"frame":246,"values":[0.0073,-0.0003,-0.0068,0,0.0012,0.0099,0.0008,0,-0.0067,0.0014,-0.0073,0,-0.0401,1.0247,-0.0013,1]},
{"frame":247,"values":[0.0073,-0.0003,-0.0068,0,0.0012,0.0099,0.0009,0,-0.0067,0.0015,-0.0073,0,-0.0413,1.0248,0.0001,1]},
{"frame":248,"values":[0.0073,-0.0002,-0.0068,0,0.0012,0.0099,0.001,0,-0.0067,0.0016,-0.0072,0,-0.0426,1.0249,0.0015,1]},
{"frame":249,"values":[0.0073,-0.0002,-0.0069,0,0.0012,0.0099,0.001,0,-0.0067,0.0016,-0.0072,0,-0.0438,1.025,0.0029,1]},
{"frame":250,"values":[0.0073,-0.0001,-0.0069,0,0.0013,0.0099,0.0011,0,-0.0068,0.0017,-0.0072,0,-0.045,1.0251,0.0043,1]},
{"frame":251,"values":[0.0072,-0.0001,-0.0069,0,0.0013,0.0098,0.0012,0,-0.0068,0.0017,-0.0071,0,-0.0462,1.0252,0.0057,1]},
{"frame":252,"values":[0.0072,0,-0.0069,0,0.0013,0.0098,0.0013,0,-0.0068,0.0018,-0.0071,0,-0.0475,1.0252,0.0071,1]},
{"frame":253,"values":[0.0072,0,-0.0069,0,0.0013,0.0098,0.0013,0,-0.0068,0.0018,-0.0071,0,-0.0489,1.0278,0.0112,1]},
{"frame":254,"values":[0.0072,0,-0.0069,0,0.0013,0.0098,0.0013,0,-0.0068,0.0018,-0.0071,0,-0.05,1.0308,0.0162,1]},
{"frame":255,"values":[0.0073,-0.0001,-0.0068,0,0.0012,0.0098,0.0013,0,-0.0067,0.0018,-0.0072,0,-0.0506,1.0335,0.0217,1]},
{"frame":256,"values":[0.0074,-0.0001,-0.0068,0,0.0012,0.0099,0.0012,0,-0.0067,0.0017,-0.0073,0,-0.0512,1.0363,0.0272,1]},
{"frame":257,"values":[0.0074,-0.0001,-0.0067,0,0.0012,0.0099,0.0012,0,-0.0066,0.0017,-0.0073,0,-0.0508,1.0374,0.0313,1]},
{"frame":258,"values":[0.0074,-0.0002,-0.0067,0,0.0012,0.0099,0.0011,0,-0.0066,0.0016,-0.0073,0,-0.0505,1.0386,0.0353,1]},
{"frame":259,"values":[0.0074,-0.0002,-0.0067,0,0.0012,0.0099,0.0011,0,-0.0066,0.0016,-0.0073,0,-0.0481,1.0361,0.0362,1]},
{"frame":260,"values":[0.0073,-0.0002,-0.0068,0,0.0013,0.0099,0.0011,0,-0.0067,0.0016,-0.0073,0,-0.0457,1.0337,0.037,1]},
{"frame":261,"values":[0.0073,-0.0002,-0.0068,0,0.0013,0.0099,0.0011,0,-0.0067,0.0016,-0.0072,0,-0.0433,1.0312,0.0378,1]},
{"frame":262,"values":[0.0073,-0.0002,-0.0068,0,0.0013,0.0099,0.001,0,-0.0067,0.0016,-0.0072,0,-0.0409,1.0287,0.0386,1]},
{"frame":263,"values":[0.0073,-0.0002,-0.0069,0,0.0013,0.0099,0.001,0,-0.0068,0.0016,-0.0072,0,-0.037,1.0249,0.0365,1]},
{"frame":264,"values":[0.0072,-0.0003,-0.0069,0,0.0013,0.0099,0.001,0,-0.0068,0.0016,-0.0072,0,-0.0312,1.0253,0.0311,1]},
{"frame":265,"values":[0.0072,-0.0003,-0.007,0,0.0013,0.0099,0.0009,0,-0.0069,0.0015,-0.0071,0,-0.0254,1.0257,0.0258,1]},
{"frame":266,"values":[0.0071,-0.0003,-0.007,0,0.0012,0.0099,0.0009,0,-0.0069,0.0015,-0.0071,0,-0.0197,1.0261,0.0204,1]},
{"frame":267,"values":[0.0071,-0.0003,-0.007,0,0.0012,0.0099,0.0008,0,-0.007,0.0014,-0.007,0,-0.0139,1.0265,0.0151,1]},
{"frame":268,"values":[0.007,-0.0003,-0.0071,0,0.0012,0.0099,0.0007,0,-0.007,0.0014,-0.007,0,-0.0081,1.0268,0.0097,1]},
{"frame":269,"values":[0.007,-0.0003,-0.0071,0,0.0012,0.0099,0.0007,0,-0.007,0.0013,-0.007,0,-0.0026,1.024,0.0055,1]},
{"frame":270,"values":[0.007,-0.0003,-0.0072,0,0.0011,0.0099,0.0007,0,-0.0071,0.0013,-0.007,0,0.003,1.0212,0.0012,1]},
{"frame":271,"values":[0.0069,-0.0003,-0.0072,0,0.0011,0.0099,0.0007,0,-0.0071,0.0013,-0.0069,0,0.0085,1.0184,-0.0031,1]},
{"frame":272,"values":[0.0069,-0.0003,-0.0072,0,0.0011,0.0099,0.0006,0,-0.0071,0.0012,-0.0069,0,0.014,1.0156,-0.0074,1]},
{"frame":273,"values":[0.0069,-0.0003,-0.0072,0,0.0011,0.0099,0.0007,0,-0.0072,0.0013,-0.0069,0,0.0161,1.0078,-0.0093,1]},
{"frame":274,"values":[0.0069,-0.0002,-0.0073,0,0.0012,0.0099,0.0008,0,-0.0072,0.0014,-0.0068,0,0.0172,1.0004,-0.01,1]}]}},
{"name":"mixamorig:Spine","index":1,"matrix":[0.9981,-0.0039,-0.0613,0,0.0261,0.9303,0.3659,0,0.0556,-0.3668,0.9286,0,0,13.2148,0,1],"rest":[1,0.0008,-0.0001,0,-0.0008,1,0,0,0.0001,0,1,0,0,13.2148,0,1],"parentBoneIndex":0,"length":9.2242
,"animation":
{"name":"anim","property":"_matrix","dataType":3,"framePerSecond":30,"loopBehavior":1,"keys":[
{"frame":1,"values":[0.9998,-0.0195,-0.0089,0,0.02,0.9975,0.068,0,0.0075,-0.0681,0.9976,0,0,13.2148,0,1]},
{"frame":2,"values":[0.9998,-0.0181,-0.0113,0,0.0189,0.9972,0.072,0,0.0099,-0.0722,0.9973,0,0,13.2148,0,1]},
{"frame":3,"values":[0.9998,-0.0168,-0.0137,0,0.0178,0.997,0.076,0,0.0123,-0.0762,0.997,0,0,13.2148,0,1]},
{"frame":4,"values":[0.9998,-0.0154,-0.016,0,0.0167,0.9967,0.08,0,0.0147,-0.0802,0.9967,0,0,13.2148,0,1]},
{"frame":5,"values":[0.9995,-0.0216,-0.022,0,0.0233,0.9965,0.0808,0,0.0201,-0.0812,0.9965,0,0,13.2148,0,1]},
{"frame":6,"values":[0.9992,-0.032,-0.0247,0,0.0337,0.9968,0.0718,0,0.0223,-0.0726,0.9971,0,0,13.2148,0,1]},
{"frame":7,"values":[0.9987,-0.0455,-0.0241,0,0.0467,0.9974,0.054,0,0.0215,-0.055,0.9983,0,0,13.2148,0,1]},
{"frame":8,"values":[0.9979,-0.0616,-0.0219,0,0.0623,0.9975,0.0319,0,0.0199,-0.0332,0.9993,0,0,13.2148,0,1]},
{"frame":9,"values":[0.9967,-0.0795,-0.0182,0,0.0797,0.9968,0.0084,0,0.0174,-0.0099,0.9998,0,0,13.2148,0,1]},
{"frame":10,"values":[0.9953,-0.0957,-0.0153,0,0.0954,0.9953,-0.014,0,0.0166,0.0125,0.9998,0,0,13.2148,0,1]},
{"frame":11,"values":[0.9946,-0.1031,-0.0143,0,0.1026,0.9943,-0.0297,0,0.0173,0.028,0.9995,0,0,13.2148,0,1]},
{"frame":12,"values":[0.9951,-0.0981,-0.0096,0,0.0977,0.9946,-0.0346,0,0.013,0.0334,0.9994,0,0,13.2148,0,1]},
{"frame":13,"values":[0.9961,-0.0878,0.0013,0,0.0878,0.9956,-0.0313,0,0.0014,0.0313,0.9995,0,0,13.2148,0,1]},
{"frame":14,"values":[0.9966,-0.0814,0.0141,0,0.0817,0.9963,-0.0254,0,-0.012,0.0265,0.9996,0,0,13.2148,0,1]},
{"frame":15,"values":[0.9965,-0.0799,0.0242,0,0.0804,0.9966,-0.0198,0,-0.0226,0.0217,0.9995,0,0,13.2148,0,1]},
{"frame":16,"values":[0.9963,-0.0798,0.0313,0,0.0804,0.9966,-0.0163,0,-0.0299,0.0188,0.9994,0,0,13.2148,0,1]},
{"frame":17,"values":[0.9961,-0.0805,0.0374,0,0.0811,0.9966,-0.015,0,-0.036,0.018,0.9992,0,0,13.2148,0,1]},
{"frame":18,"values":[0.9956,-0.0831,0.0438,0,0.0837,0.9964,-0.0129,0,-0.0426,0.0166,0.999,0,0,13.2148,0,1]},
{"frame":19,"values":[0.995,-0.0874,0.0487,0,0.0874,0.9962,0.0022,0,-0.0487,0.002,0.9988,0,0,13.2148,0,1]},
{"frame":20,"values":[0.9943,-0.0918,0.0535,0,0.091,0.9957,0.0174,0,-0.0549,-0.0124,0.9984,0,0,13.2148,0,1]},
{"frame":21,"values":[0.9946,-0.0917,0.0492,0,0.0893,0.9947,0.0501,0,-0.0535,-0.0455,0.9975,0,0,13.2148,0,1]},
{"frame":22,"values":[0.9952,-0.0892,0.0398,0,0.0855,0.9925,0.0877,0,-0.0473,-0.0839,0.9954,0,0,13.2148,0,1]},
{"frame":23,"values":[0.996,-0.0834,0.033,0,0.0787,0.9893,0.123,0,-0.0429,-0.1199,0.9919,0,0,13.2148,0,1]},
{"frame":24,"values":[0.9968,-0.0725,0.0321,0,0.0669,0.9862,0.1513,0,-0.0426,-0.1487,0.988,0,0,13.2148,0,1]},
{"frame":25,"values":[0.9977,-0.0603,0.0325,0,0.054,0.9842,0.1686,0,-0.0422,-0.1665,0.9851,0,0,13.2148,0,1]},
{"frame":26,"values":[0.9982,-0.0523,0.029,0,0.0465,0.9838,0.1733,0,-0.0376,-0.1716,0.9844,0,0,13.2148,0,1]},
{"frame":27,"values":[0.9986,-0.0482,0.0216,0,0.0438,0.9844,0.1706,0,-0.0295,-0.1694,0.9851,0,0,13.2148,0,1]},
{"frame":28,"values":[0.999,-0.0429,0.0148,0,0.0398,0.9848,0.1693,0,-0.0219,-0.1685,0.9855,0,0,13.2148,0,1]},
{"frame":29,"values":[0.9993,-0.0349,0.0101,0,0.0327,0.9844,0.1731,0,-0.016,-0.1727,0.9848,0,0,13.2148,0,1]},
{"frame":30,"values":[0.9995,-0.0295,0.0059,0,0.028,0.9833,0.1799,0,-0.0111,-0.1796,0.9837,0,0,13.2148,0,1]},
{"frame":31,"values":[0.9995,-0.0306,0.0024,0,0.0297,0.9825,0.1836,0,-0.0079,-0.1835,0.983,0,0,13.2148,0,1]},
{"frame":32,"values":[0.9993,-0.0363,0.0019,0,0.0354,0.9827,0.1817,0,-0.0084,-0.1815,0.9833,0,0,13.2148,0,1]},
{"frame":33,"values":[0.9991,-0.0413,0.0043,0,0.0399,0.9835,0.1766,0,-0.0115,-0.1762,0.9843,0,0,13.2148,0,1]},
{"frame":34,"values":[0.9992,-0.0397,0.0013,0,0.0389,0.9851,0.1677,0,-0.008,-0.1675,0.9858,0,0,13.2148,0,1]},
{"frame":35,"values":[0.9993,-0.0382,-0.0016,0,0.0379,0.9866,0.1588,0,-0.0045,-0.1587,0.9873,0,0,13.2148,0,1]},
{"frame":36,"values":[0.9993,-0.0366,-0.0046,0,0.0369,0.988,0.1499,0,-0.0009,-0.1499,0.9887,0,0,13.2148,0,1]},
{"frame":37,"values":[0.9994,-0.0351,-0.0076,0,0.0359,0.9894,0.1409,0,0.0026,-0.1411,0.99,0,0,13.2148,0,1]},
{"frame":56,"values":[0.9994,-0.0351,-0.0076,0,0.0359,0.9894,0.1409,0,0.0026,-0.1411,0.99,0,0,13.2148,0,1]},
{"frame":71,"values":[0.9806,-0.024,-0.1947,0,0.07,0.9699,0.2333,0,0.1832,-0.2424,0.9527,0,0,13.2148,0,1]},
{"frame":72,"values":[0.9781,-0.0103,-0.2081,0,0.0601,0.9703,0.2344,0,0.1995,-0.2417,0.9496,0,0,13.2148,0,1]},
{"frame":73,"values":[0.9854,0.0247,-0.1685,0,0.0148,0.9733,0.2292,0,0.1697,-0.2284,0.9587,0,0,13.2148,0,1]},
{"frame":74,"values":[0.989,0.0637,-0.1331,0,-0.0337,0.9758,0.2161,0,0.1437,-0.2092,0.9672,0,0,13.2148,0,1]},
{"frame":75,"values":[0.9901,0.0772,-0.1176,0,-0.0534,0.9796,0.1937,0,0.1301,-0.1855,0.974,0,0,13.2148,0,1]},
{"frame":76,"values":[0.9909,0.0779,-0.1099,0,-0.0534,0.9761,0.2105,0,0.1237,-0.2027,0.9714,0,0,13.2148,0,1]},
{"frame":77,"values":[0.992,0.0881,-0.0902,0,-0.0644,0.969,0.2386,0,0.1085,-0.2309,0.9669,0,0,13.2148,0,1]},
{"frame":78,"values":[0.9927,0.0978,-0.0702,0,-0.0758,0.9609,0.2664,0,0.0935,-0.2591,0.9613,0,0,13.2148,0,1]},
{"frame":79,"values":[0.9926,0.1205,-0.016,0,-0.1119,0.9575,0.2658,0,0.0473,-0.2621,0.9639,0,0,13.2148,0,1]},
{"frame":80,"values":[0.9907,0.1234,0.0577,0,-0.1343,0.956,0.2608,0,-0.0229,-0.2661,0.9637,0,0,13.2148,0,1]},
{"frame":81,"values":[0.9867,0.0823,0.1401,0,-0.114,0.9652,0.2355,0,-0.1158,-0.2484,0.9617,0,0,13.2148,0,1]},
{"frame":82,"values":[0.9756,0.0155,0.219,0,-0.0684,0.9693,0.236,0,-0.2086,-0.2452,0.9468,0,0,13.2148,0,1]},
{"frame":83,"values":[0.9592,-0.0353,0.2804,0,-0.0307,0.9733,0.2273,0,-0.2809,-0.2267,0.9326,0,0,13.2148,0,1]},
{"frame":84,"values":[0.9485,-0.0566,0.3116,0,-0.0131,0.976,0.2173,0,-0.3164,-0.2102,0.9251,0,0,13.2148,0,1]},
{"frame":85,"values":[0.9542,-0.067,0.2915,0,0.0094,0.9808,0.1948,0,-0.299,-0.1832,0.9365,0,0,13.2147,0,1]},
{"frame":86,"values":[0.9693,-0.0752,0.234,0,0.0387,0.9869,0.1569,0,-0.2427,-0.143,0.9595,0,0,13.2148,0,1]},
{"frame":87,"values":[0.9824,-0.0576,0.1776,0,0.029,0.9867,0.1598,0,-0.1844,-0.1519,0.971,0,0,13.2148,0,1]},
{"frame":88,"values":[0.988,-0.0369,0.1502,0,0.0076,0.9815,0.1915,0,-0.1544,-0.1881,0.9699,0,0,13.2148,0,1]},
{"frame":89,"values":[0.9882,-0.0355,0.1488,0,0.0026,0.9765,0.2153,0,-0.153,-0.2124,0.9651,0,0,13.2148,0,1]},
{"frame":90,"values":[0.9905,-0.0524,0.1273,0,0.0229,0.9745,0.2232,0,-0.1357,-0.2181,0.9664,0,0,13.2148,0,1]},
{"frame":91,"values":[0.9891,-0.0769,0.1255,0,0.0496,0.977,0.2073,0,-0.1386,-0.1989,0.9702,0,0,13.2148,0,1]},
{"frame":92,"values":[0.9869,-0.0971,0.1291,0,0.0719,0.9796,0.1876,0,-0.1447,-0.1759,0.9737,0,0,13.2148,0,1]},
{"frame":93,"values":[0.9865,-0.1292,0.101,0,0.1124,0.9811,0.1573,0,-0.1194,-0.1438,0.9824,0,0,13.2148,0,1]},
{"frame":94,"values":[0.9908,-0.13,0.0388,0,0.1233,0.9821,0.1422,0,-0.0566,-0.1361,0.9891,0,0,13.2148,0,1]},
{"frame":95,"values":[0.9935,-0.1131,-0.0155,0,0.114,0.9787,0.1706,0,-0.0041,-0.1712,0.9852,0,0,13.2148,0,1]},
{"frame":96,"values":[0.9907,-0.1361,-0.0068,0,0.135,0.9734,0.185,0,-0.0185,-0.1842,0.9827,0,0,13.2148,0,1]},
{"frame":97,"values":[0.9844,-0.176,0.0004,0,0.1723,0.9638,0.2033,0,-0.0361,-0.2001,0.9791,0,0,13.2148,0,1]},
{"frame":98,"values":[0.9813,-0.1911,-0.0235,0,0.1915,0.9556,0.2241,0,-0.0204,-0.2244,0.9743,0,0,13.2148,0,1]},
{"frame":99,"values":[0.9824,-0.1812,-0.0457,0,0.1869,0.9585,0.2153,0,0.0048,-0.22,0.9755,0,0,13.2148,0,1]},
{"frame":100,"values":[0.9853,-0.1686,-0.0269,0,0.1705,0.9633,0.2075,0,-0.009,-0.209,0.9779,0,0,13.2148,0,1]},
{"frame":101,"values":[0.9904,-0.1365,0.0202,0,0.1295,0.9699,0.2063,0,-0.0478,-0.2017,0.9783,0,0,13.2148,0,1]},
{"frame":102,"values":[0.9914,-0.1059,0.0767,0,0.0888,0.9757,0.2002,0,-0.096,-0.1917,0.9767,0,0,13.2148,0,1]},
{"frame":103,"values":[0.9914,-0.0647,0.1134,0,0.0424,0.9811,0.1891,0,-0.1235,-0.1826,0.9754,0,0,13.2148,0,1]},
{"frame":104,"values":[0.991,-0.0196,0.1325,0,-0.0043,0.984,0.1782,0,-0.1338,-0.1772,0.975,0,0,13.2148,0,1]},
{"frame":105,"values":[0.9901,0.0199,0.1387,0,-0.0436,0.9845,0.1701,0,-0.1331,-0.1745,0.9756,0,0,13.2148,0,1]},
{"frame":106,"values":[0.9895,0.0415,0.1386,0,-0.0661,0.9819,0.1775,0,-0.1288,-0.1848,0.9743,0,0,13.2148,0,1]},
{"frame":107,"values":[0.9882,0.0639,0.1392,0,-0.0884,0.9801,0.1777,0,-0.1251,-0.1879,0.9742,0,0,13.2148,0,1]},
{"frame":108,"values":[0.986,0.0762,0.1485,0,-0.1001,0.9819,0.1606,0,-0.1336,-0.1732,0.9758,0,0,13.2148,0,1]},
{"frame":109,"values":[0.9792,0.1046,0.1739,0,-0.1284,0.983,0.1315,0,-0.1572,-0.1511,0.9759,0,0,13.2148,0,1]},
